0 1 0 0 7.1080 0.5000
0 1 0 0 7.0720 0.5000
0 1 0 0 7.0970 0.5000
0 1 0 0 6.9950 0.5000
0 1 0 0 7.0840 0.5000
0 1 0 0 7.0450 0.5000
0 1 0 0 7.1050 0.5000
0 1 0 0 7.1780 0.5000
0 1 0 0 7.1550 0.5000
0 1 0 0 7.1940 0.5000
6 1 0 0 7.0500 0.5000
6 1 0 0 7.0990 0.5000
6 1 0 0 6.6850 0.5000
6 1 0 0 7.1890 0.5000
6 1 0 0 7.1380 0.5000
6 1 0 0 7.0890 0.5000
6 1 0 0 7.0690 0.5000
6 1 0 0 7.1010 0.5000
6 1 0 0 7.1120 0.5000
6 1 0 0 7.1060 0.5000
12 1 0 0 7.0620 0.5000
12 1 0 0 7.0590 0.5000
12 1 0 0 7.0610 0.5000
12 1 0 0 7.0560 0.5000
12 1 0 0 7.1530 0.5000
12 1 0 0 7.0500 0.5000
12 1 0 0 7.0910 0.5000
12 1 0 0 7.0760 0.5000
12 1 0 0 7.1620 0.5000
12 1 0 0 7.0710 0.5000
18 1 0 0 6.2760 0.5000
18 1 0 0 6.2830 0.5000
18 1 0 0 6.2800 0.5000
18 1 0 0 6.2960 0.5000
18 1 0 0 6.2970 0.5000
18 1 0 0 6.2830 0.5000
18 1 0 0 6.3040 0.5000
18 1 0 0 6.2930 0.5000
18 1 0 0 6.2520 0.5000
18 1 0 0 6.3100 0.5000
24 1 0 0 7.6110 0.5000
24 1 0 0 7.6670 0.5000
24 1 0 0 7.6180 0.5000
24 1 0 0 7.6610 0.5000
24 1 0 0 7.6300 0.5000
24 1 0 0 7.6350 0.5000
24 1 0 0 7.6470 0.5000
24 1 0 0 7.6730 0.5000
24 1 0 0 7.7380 0.5000
24 1 0 0 7.6400 0.5000
30 1 0 0 7.3850 0.5000
30 1 0 0 7.3590 0.5000
30 1 0 0 7.5610 0.5000
30 1 0 0 7.3720 0.5000
30 1 0 0 7.5090 0.5000
30 1 0 0 7.5650 0.5000
30 1 0 0 7.3990 0.5000
30 1 0 0 7.3780 0.5000
30 1 0 0 7.4530 0.5000
30 1 0 0 7.4890 0.5000
36 1 0 0 6.2650 0.5000
36 1 0 0 6.2550 0.5000
36 1 0 0 6.2820 0.5000
36 1 0 0 6.2760 0.5000
36 1 0 0 6.2600 0.5000
36 1 0 0 6.2000 0.5000
36 1 0 0 6.2720 0.5000
36 1 0 0 6.2730 0.5000
36 1 0 0 6.2060 0.5000
36 1 0 0 6.2810 0.5000
42 1 0 0 6.0570 0.5000
42 1 0 0 6.0620 0.5000
42 1 0 0 6.0430 0.5000
42 1 0 0 6.0410 0.5000
42 1 0 0 5.9820 0.5000
42 1 0 0 5.9910 0.5000
42 1 0 0 6.0460 0.5000
42 1 0 0 6.0700 0.5000
42 1 0 0 6.0740 0.5000
42 1 0 0 5.9850 0.5000
48 1 0 0 7.2220 0.5000
48 1 0 0 7.2650 0.5000
48 1 0 0 7.2480 0.5000
48 1 0 0 7.0590 0.5000
48 1 0 0 7.2420 0.5000
48 1 0 0 7.0460 0.5000
48 1 0 0 7.2400 0.5000
48 1 0 0 7.2420 0.5000
48 1 0 0 7.0490 0.5000
48 1 0 0 7.2300 0.5000
54 1 0 0 6.1840 0.5000
54 1 0 0 6.1980 0.5000
54 1 0 0 6.1720 0.5000
54 1 0 0 6.1670 0.5000
54 1 0 0 6.1840 0.5000
54 1 0 0 6.1730 0.5000
54 1 0 0 6.1440 0.5000
54 1 0 0 6.1680 0.5000
54 1 0 0 6.1900 0.5000
54 1 0 0 6.1940 0.5000
60 1 0 0 7.1090 0.5000
60 1 0 0 7.1520 0.5000
60 1 0 0 7.1290 0.5000
60 1 0 0 7.0920 0.5000
60 1 0 0 7.1090 0.5000
60 1 0 0 7.1010 0.5000
60 1 0 0 7.2130 0.5000
60 1 0 0 7.0990 0.5000
60 1 0 0 7.1020 0.5000
60 1 0 0 7.1240 0.5000
66 1 0 0 8.3110 0.5000
66 1 0 0 8.4900 0.5000
66 1 0 0 7.9770 0.5000
66 1 0 0 8.1880 0.5000
66 1 0 0 8.1850 0.5000
66 1 0 0 8.2950 0.5000
66 0 1 0 5.9300 0.0000
66 1 0 0 8.0710 0.5000
66 1 0 0 8.3740 0.5000
66 1 0 0 8.5110 0.5000
72 1 0 0 6.3500 0.5000
72 1 0 0 6.3470 0.5000
72 1 0 0 6.2560 0.5000
72 1 0 0 6.2530 0.5000
72 1 0 0 6.2520 0.5000
72 1 0 0 6.3510 0.5000
72 1 0 0 6.3350 0.5000
72 1 0 0 6.2560 0.5000
72 1 0 0 6.3460 0.5000
72 1 0 0 6.3450 0.5000
78 1 0 0 8.1260 0.5000
78 1 0 0 8.0570 0.5000
78 1 0 0 8.0170 0.5000
78 1 0 0 8.0510 0.5000
78 1 0 0 8.1360 0.5000
78 1 0 0 8.1260 0.5000
78 1 0 0 8.0380 0.5000
78 1 0 0 8.0580 0.5000
78 1 0 0 8.1330 0.5000
78 1 0 0 8.1340 0.5000
84 1 0 0 6.6760 0.5000
84 1 0 0 6.6550 0.5000
84 1 0 0 6.6530 0.5000
84 1 0 0 6.5820 0.5000
84 1 0 0 6.6390 0.5000
84 1 0 0 6.5940 0.5000
84 1 0 0 6.5640 0.5000
84 1 0 0 6.6360 0.5000
84 1 0 0 6.5910 0.5000
84 1 0 0 6.6490 0.5000
90 1 0 0 6.2950 0.5000
90 1 0 0 6.2890 0.5000
90 1 0 0 6.2610 0.5000
90 1 0 0 6.2740 0.5000
90 1 0 0 6.2660 0.5000
90 1 0 0 6.2990 0.5000
90 1 0 0 6.3180 0.5000
90 1 0 0 6.2890 0.5000
90 1 0 0 6.2830 0.5000
90 1 0 0 6.2800 0.5000
96 1 0 0 7.2310 0.5000
96 1 0 0 7.2450 0.5000
96 1 0 0 7.2370 0.5000
96 1 0 0 7.2510 0.5000
96 1 0 0 7.2500 0.5000
96 1 0 0 7.2210 0.5000
96 1 0 0 7.2250 0.5000
96 1 0 0 7.2210 0.5000
96 1 0 0 7.2440 0.5000
96 1 0 0 7.2140 0.5000
102 1 0 0 6.7520 0.5000
102 1 0 0 6.7190 0.5000
102 1 0 0 6.7550 0.5000
102 1 0 0 6.7330 0.5000
102 1 0 0 6.7520 0.5000
102 1 0 0 6.7260 0.5000
102 1 0 0 6.7050 0.5000
102 1 0 0 6.7250 0.5000
102 1 0 0 6.7600 0.5000
102 1 0 0 6.7450 0.5000
108 1 0 0 6.2820 0.5000
108 1 0 0 6.3120 0.5000
108 1 0 0 6.2650 0.5000
108 1 0 0 6.3150 0.5000
108 1 0 0 6.2790 0.5000
108 1 0 0 6.2730 0.5000
108 1 0 0 6.2930 0.5000
108 1 0 0 6.2630 0.5000
108 1 0 0 6.3010 0.5000
108 1 0 0 6.2830 0.5000
114 1 0 0 7.8760 0.5000
114 1 0 0 10.4810 0.5000
114 0 1 0 8.0820 0.0000
114 0 1 0 7.4540 0.0000
114 1 0 0 8.7130 0.5000
114 1 0 0 8.3940 0.5000
114 1 0 0 8.1610 0.5000
114 1 0 0 7.8900 0.5000
114 1 0 0 7.9420 0.5000
114 1 0 0 7.8650 0.5000
120 1 0 0 8.5380 0.5000
120 1 0 0 8.5370 0.5000
120 1 0 0 8.4280 0.5000
120 1 0 0 8.4490 0.5000
120 1 0 0 8.4410 0.5000
120 1 0 0 8.5320 0.5000
120 1 0 0 8.5170 0.5000
120 1 0 0 8.5370 0.5000
120 1 0 0 8.5480 0.5000
120 1 0 0 8.5300 0.5000
126 1 0 0 7.7340 0.5000
126 1 0 0 7.7200 0.5000
126 1 0 0 7.7990 0.5000
126 1 0 0 7.7040 0.5000
126 1 0 0 7.7320 0.5000
126 1 0 0 7.7200 0.5000
126 1 0 0 7.7230 0.5000
126 1 0 0 7.7310 0.5000
126 1 0 0 7.7420 0.5000
126 1 0 0 7.7360 0.5000
132 1 0 0 7.4380 0.5000
132 1 0 0 7.3670 0.5000
132 1 0 0 7.3490 0.5000
132 1 0 0 7.3670 0.5000
132 1 0 0 7.3450 0.5000
132 1 0 0 7.3520 0.5000
132 1 0 0 7.3410 0.5000
132 1 0 0 7.4230 0.5000
132 1 0 0 7.3610 0.5000
132 1 0 0 7.3680 0.5000
138 1 0 0 9.3600 0.5000
138 1 0 0 9.0130 0.5000
138 1 0 0 8.9080 0.5000
138 1 0 0 8.3440 0.5000
138 1 0 0 10.4070 0.5000
138 1 0 0 8.9080 0.5000
138 1 0 0 8.9230 0.5000
138 1 0 0 9.0310 0.5000
138 1 0 0 8.9330 0.5000
138 1 0 0 7.9870 0.5000
144 1 0 0 7.3290 0.5000
144 1 0 0 7.2540 0.5000
144 1 0 0 7.3570 0.5000
144 1 0 0 7.2420 0.5000
144 1 0 0 7.3480 0.5000
144 1 0 0 7.3400 0.5000
144 1 0 0 7.2790 0.5000
144 1 0 0 7.3440 0.5000
144 1 0 0 7.2640 0.5000
144 1 0 0 7.2400 0.5000
150 1 0 0 7.2350 0.5000
150 1 0 0 7.3230 0.5000
150 1 0 0 7.3410 0.5000
150 1 0 0 7.3410 0.5000
150 1 0 0 7.3480 0.5000
150 1 0 0 7.3160 0.5000
150 1 0 0 7.3400 0.5000
150 1 0 0 7.3270 0.5000
150 1 0 0 7.3440 0.5000
150 1 0 0 7.3280 0.5000
156 1 0 0 6.4440 0.5000
156 1 0 0 6.4330 0.5000
156 1 0 0 6.4520 0.5000
156 1 0 0 6.4770 0.5000
156 1 0 0 6.4600 0.5000
156 1 0 0 6.4340 0.5000
156 1 0 0 6.4630 0.5000
156 1 0 0 6.4780 0.5000
156 1 0 0 6.4590 0.5000
156 1 0 0 6.4460 0.5000
162 1 0 0 8.1490 0.5000
162 1 0 0 8.2310 0.5000
162 1 0 0 8.1300 0.5000
162 1 0 0 8.2560 0.5000
162 1 0 0 8.2240 0.5000
162 1 0 0 7.5160 0.5000
162 1 0 0 8.1450 0.5000
162 1 0 0 8.2270 0.5000
162 1 0 0 8.2200 0.5000
162 1 0 0 8.2360 0.5000
168 1 0 0 8.1150 0.5000
168 1 0 0 8.0440 0.5000
168 1 0 0 8.0350 0.5000
168 1 0 0 7.8460 0.5000
168 1 0 0 8.0200 0.5000
168 1 0 0 8.0230 0.5000
168 1 0 0 8.0180 0.5000
168 1 0 0 8.0270 0.5000
168 1 0 0 8.0420 0.5000
168 1 0 0 8.0280 0.5000
174 1 0 0 7.5290 0.5000
174 1 0 0 7.5150 0.5000
174 1 0 0 7.6330 0.5000
174 1 0 0 7.6380 0.5000
174 1 0 0 7.7040 0.5000
174 1 0 0 7.6100 0.5000
174 1 0 0 7.6050 0.5000
174 1 0 0 7.7220 0.5000
174 1 0 0 7.6980 0.5000
174 1 0 0 7.5230 0.5000
180 1 0 0 7.8510 0.5000
180 1 0 0 7.8350 0.5000
180 1 0 0 7.8630 0.5000
180 1 0 0 7.8560 0.5000
180 1 0 0 8.0610 0.5000
180 1 0 0 7.8310 0.5000
180 1 0 0 8.3380 0.5000
180 1 0 0 7.7400 0.5000
180 1 0 0 7.9580 0.5000
180 1 0 0 7.8270 0.5000
186 1 0 0 8.4460 0.5000
186 1 0 0 8.8930 0.5000
186 1 0 0 8.8870 0.5000
186 1 0 0 8.4410 0.5000
186 1 0 0 8.4780 0.5000
186 1 0 0 8.4810 0.5000
186 1 0 0 8.5480 0.5000
186 1 0 0 8.9640 0.5000
186 1 0 0 8.8100 0.5000
186 1 0 0 8.6390 0.5000
192 1 0 0 8.1160 0.5000
192 1 0 0 8.2290 0.5000
192 1 0 0 8.0460 0.5000
192 1 0 0 8.0120 0.5000
192 1 0 0 9.0480 0.5000
192 1 0 0 8.9690 0.5000
192 1 0 0 8.1220 0.5000
192 1 0 0 7.9230 0.5000
192 1 0 0 7.9330 0.5000
192 1 0 0 7.9340 0.5000
198 1 0 0 7.4730 0.5000
198 1 0 0 7.4480 0.5000
198 1 0 0 7.5480 0.5000
198 1 0 0 7.4740 0.5000
198 1 0 0 7.4400 0.5000
198 1 0 0 7.5880 0.5000
198 1 0 0 7.4680 0.5000
198 1 0 0 7.4630 0.5000
198 1 0 0 7.4610 0.5000
198 1 0 0 7.4490 0.5000
204 1 0 0 8.0280 0.5000
204 1 0 0 8.0340 0.5000
204 1 0 0 8.0460 0.5000
204 1 0 0 8.0250 0.5000
204 1 0 0 8.0340 0.5000
204 1 0 0 8.0270 0.5000
204 1 0 0 8.0410 0.5000
204 1 0 0 8.0220 0.5000
204 1 0 0 8.0340 0.5000
204 1 0 0 7.9330 0.5000
210 1 0 0 7.9080 0.5000
210 1 0 0 7.8400 0.5000
210 1 0 0 7.9190 0.5000
210 1 0 0 7.9240 0.5000
210 1 0 0 7.9190 0.5000
210 1 0 0 7.9210 0.5000
210 1 0 0 7.9110 0.5000
210 1 0 0 7.9160 0.5000
210 1 0 0 7.9250 0.5000
210 1 0 0 7.8320 0.5000
216 1 0 0 7.4480 0.5000
216 1 0 0 7.5310 0.5000
216 1 0 0 7.5460 0.5000
216 1 0 0 7.5370 0.5000
216 1 0 0 7.5480 0.5000
216 1 0 0 7.5250 0.5000
216 1 0 0 7.5260 0.5000
216 1 0 0 7.4580 0.5000
216 1 0 0 7.5270 0.5000
216 1 0 0 7.5430 0.5000
222 1 0 0 8.3470 0.5000
222 1 0 0 8.2510 0.5000
222 1 0 0 8.3520 0.5000
222 1 0 0 8.3560 0.5000
222 1 0 0 8.2510 0.5000
222 1 0 0 8.2550 0.5000
222 1 0 0 8.3630 0.5000
222 1 0 0 8.2470 0.5000
222 1 0 0 8.2460 0.5000
222 1 0 0 8.3310 0.5000
228 1 0 0 15.6270 0.4017
228 1 0 0 10.8420 0.5000
228 0 1 0 14.5450 0.0000
228 1 0 0 15.1490 0.4144
228 1 0 0 15.6720 0.4006
228 1 0 0 14.8460 0.4228
228 1 0 0 15.0840 0.4162
228 1 0 0 12.1850 0.5000
228 1 0 0 10.1410 0.5000
228 1 0 0 12.8220 0.4896
234 1 0 0 7.7170 0.5000
234 1 0 0 7.7370 0.5000
234 1 0 0 7.7260 0.5000
234 1 0 0 7.7330 0.5000
234 1 0 0 7.7100 0.5000
234 1 0 0 7.7280 0.5000
234 1 0 0 7.7690 0.5000
234 1 0 0 7.7230 0.5000
234 1 0 0 7.7140 0.5000
234 1 0 0 7.7280 0.5000
240 1 0 0 7.5830 0.5000
240 1 0 0 7.6640 0.5000
240 1 0 0 7.7200 0.5000
240 1 0 0 7.5980 0.5000
240 1 0 0 7.7080 0.5000
240 1 0 0 7.7010 0.5000
240 1 0 0 7.6290 0.5000
240 1 0 0 7.6600 0.5000
240 1 0 0 7.7020 0.5000
240 1 0 0 7.6060 0.5000
246 1 0 0 7.8600 0.5000
246 1 0 0 8.1240 0.5000
246 1 0 0 7.8550 0.5000
246 1 0 0 7.8980 0.5000
246 1 0 0 7.7690 0.5000
246 1 0 0 8.0990 0.5000
246 1 0 0 7.8720 0.5000
246 1 0 0 7.8440 0.5000
246 1 0 0 7.8880 0.5000
246 1 0 0 7.8850 0.5000
252 1 0 0 6.5760 0.5000
252 1 0 0 6.6490 0.5000
252 1 0 0 6.5800 0.5000
252 1 0 0 6.5590 0.5000
252 1 0 0 6.5830 0.5000
252 1 0 0 6.6750 0.5000
252 1 0 0 6.5750 0.5000
252 1 0 0 6.5570 0.5000
252 1 0 0 6.6420 0.5000
252 1 0 0 6.5760 0.5000
258 1 0 0 7.9640 0.5000
258 1 0 0 8.3590 0.5000
258 1 0 0 8.0470 0.5000
258 1 0 0 8.0070 0.5000
258 1 0 0 8.1000 0.5000
258 1 0 0 7.9910 0.5000
258 1 0 0 7.9930 0.5000
258 1 0 0 8.0770 0.5000
258 1 0 0 7.9960 0.5000
258 1 0 0 8.0800 0.5000
264 1 0 0 8.1530 0.5000
264 1 0 0 8.1770 0.5000
264 1 0 0 7.9790 0.5000
264 1 0 0 8.2670 0.5000
264 1 0 0 8.2500 0.5000
264 1 0 0 8.1840 0.5000
264 1 0 0 8.0740 0.5000
264 1 0 0 7.9450 0.5000
264 1 0 0 8.2780 0.5000
264 0 1 0 6.3090 0.0000
270 1 0 0 6.8600 0.5000
270 1 0 0 6.8630 0.5000
270 1 0 0 6.8560 0.5000
270 1 0 0 6.8570 0.5000
270 1 0 0 6.8040 0.5000
270 1 0 0 6.7670 0.5000
270 1 0 0 6.8130 0.5000
270 1 0 0 6.8530 0.5000
270 1 0 0 6.7930 0.5000
270 1 0 0 6.7750 0.5000
276 1 0 0 8.4450 0.5000
276 1 0 0 8.5490 0.5000
276 1 0 0 8.4540 0.5000
276 1 0 0 8.4620 0.5000
276 1 0 0 8.5360 0.5000
276 1 0 0 8.5490 0.5000
276 1 0 0 8.5610 0.5000
276 1 0 0 8.5480 0.5000
276 1 0 0 8.5660 0.5000
276 1 0 0 8.4580 0.5000
282 1 0 0 10.2960 0.5000
282 1 0 0 8.2640 0.5000
282 1 0 0 10.6820 0.5000
282 0 1 0 7.8380 0.0000
282 1 0 0 9.1380 0.5000
282 1 0 0 9.7490 0.5000
282 1 0 0 10.1370 0.5000
282 1 0 0 8.9850 0.5000
282 1 0 0 9.8410 0.5000
282 1 0 0 10.0110 0.5000
288 1 0 0 7.6780 0.5000
288 1 0 0 9.0120 0.5000
288 0 1 0 8.9950 0.0000
288 1 0 0 8.5930 0.5000
288 1 0 0 11.3010 0.5000
288 1 0 0 8.4520 0.5000
288 0 0 1 100.0070 0.0000
288 1 0 0 8.3110 0.5000
288 1 0 0 8.4270 0.5000
288 1 0 0 9.9390 0.5000
294 1 0 0 11.8590 0.4946
294 1 0 0 11.5660 0.5000
294 1 0 0 11.6920 0.5000
294 0 1 0 7.7800 0.0000
294 1 0 0 11.3770 0.5000
294 1 0 0 12.0080 0.4885
294 0 1 0 8.4560 0.0000
294 1 0 0 11.7860 0.4977
294 1 0 0 14.0490 0.4175
294 1 0 0 11.6820 0.5000
